Average Test Accuracy: 0.8875
=================
=================
=================
=================
FOLD 0.0
step, validation accuracy, training accuracy
0.0, 0.25, 0.203539619469
250.0, null, 0.230088265487
500.0, 0.05, 0.230088265487
750.0, null, 0.247787362832
1000.0, 0.15, 0.327433300885
1250.0, null, 0.557521566372
1500.0, 0.25, 0.371681044248
1750.0, null, 0.371681044248
2000.0, 0.3, 0.610618858407
2250.0, null, 0.477875628319
2500.0, 0.35, 0.73451380531
2750.0, null, 0.566371115044
3000.0, 0.35, 0.592919761062
3250.0, null, 0.61946840708
3500.0, 0.35, 0.73451380531
3750.0, null, 0.681416513274
4000.0, 0.3, 0.646018318584
4250.0, null, 0.699115610619
4500.0, 0.35, 0.814159743363
4750.0, null, 0.778761548673
5000.0, 0.35, 0.867257035398
5250.0, null, 0.787611097345
5500.0, 0.35, 0.823009292035
5750.0, null, 0.787611097345
6000.0, 0.4, 0.831858840708
6250.0, null, 0.769912
6500.0, 0.55, 0.893805681416
6750.0, null, 0.893805681416
7000.0, 0.5, 0.929203876106
7250.0, null, 0.902655230088
7500.0, 0.55, 0.938053424779
7750.0, null, 0.911504778761
8000.0, 0.55, 0.946902973451
8250.0, null, 0.973451619469
8500.0, 0.65, 0.955752522124
8750.0, null, 0.946902973451
9000.0, 0.6, 0.964602070796
9250.0, null, 0.973451619469
9500.0, 0.65, 0.982301168142
9750.0, null, 0.982301168142
10000.0, 0.65, 0.982301168142
10250.0, null, 0.973451619469
10500.0, 0.65, 0.982301168142
10750.0, null, 0.991150716814
11000.0, 0.7, 0.991150716814
11250.0, null, 0.982301168142
11500.0, 0.6, 0.982301168142
11750.0, null, 0.991150716814
12000.0, 0.7, 0.991150716814
12250.0, null, 0.991150716814
12500.0, 0.55, 0.991150716814
12750.0, null, 0.991150716814
13000.0, 0.7, 0.991150716814
13250.0, null, 1
13500.0, 0.7, 0.991150716814
13750.0, null, 0.991150716814
14000.0, 0.65, 1
14250.0, null, 0.991150716814
14500.0, 0.75, 1
14750.0, null, 1
15000.0, 0.7, 0.991150716814
15250.0, null, 1
15500.0, 0.7, 1
15750.0, null, 1
16000.0, 0.7, 1
16250.0, null, 1
16500.0, 0.7, 1
16750.0, null, 1
17000.0, 0.75, 1
17250.0, null, 1
17500.0, 0.75, 1
17750.0, null, 1
18000.0, 0.75, 1
18250.0, null, 1
18500.0, 0.75, 1
18750.0, null, 1
19000.0, 0.75, 1
19250.0, null, 1
19500.0, 0.7, 1
19750.0, null, 1
20000.0, 0.8, 1
20250.0, null, 1
20500.0, 0.6, 1
20750.0, null, 1
21000.0, 0.75, 1
21250.0, null, 1
21500.0, 0.75, 1
21750.0, null, 1
22000.0, 0.7, 1
22250.0, null, 1
22500.0, 0.75, 1
22750.0, null, 1
23000.0, 0.75, 1
23250.0, null, 1
23500.0, 0.75, 1
23750.0, null, 1
24000.0, 0.75, 1
24250.0, null, 1
24500.0, 0.75, 1
24750.0, null, 1
25000.0, 0.75, 1
25250.0, null, 1
25500.0, 0.75, 1
25750.0, null, 1
26000.0, 0.75, 1
26250.0, null, 1
26500.0, 0.7, 1
26750.0, null, 1
27000.0, 0.75, 1
27250.0, null, 1
27500.0, 0.75, 1
27750.0, null, 1
28000.0, 0.75, 1
28250.0, null, 1
28500.0, 0.7, 1
28750.0, null, 1
29000.0, 0.75, 1
29250.0, null, 1
29500.0, 0.75, 1
29750.0, null, 1
30000.0, 0.8, 1
30250.0, null, 1
30500.0, 0.7, 1
30750.0, null, 1
31000.0, 0.8, 1
31250.0, null, 1
31500.0, 0.75, 1
31750.0, null, 1
32000.0, 0.65, 1
32250.0, null, 1
32500.0, 0.75, 1
32750.0, null, 1
33000.0, 0.75, 1
33250.0, null, 1
33500.0, 0.7, 1
33750.0, null, 1
34000.0, 0.8, 1
34250.0, null, 1
34500.0, 0.75, 1
34750.0, null, 1
35000.0, 0.65, 1
35250.0, null, 1
35500.0, 0.75, 1
35750.0, null, 1
36000.0, 0.8, 1
36250.0, null, 1
36500.0, 0.85, 1
36750.0, null, 1
37000.0, 0.7, 1
37250.0, null, 1
37500.0, 0.75, 1
37750.0, null, 1
38000.0, 0.7, 1
38250.0, null, 1
38500.0, 0.75, 1
38750.0, null, 1
39000.0, 0.8, 1
39250.0, null, 1
39500.0, 0.75, 1
39750.0, null, 1
40000.0, 0.8, 1
40250.0, null, 1
40500.0, 0.8, 1
40750.0, null, 1
41000.0, 0.75, 1
41250.0, null, 1
41500.0, 0.75, 1
41750.0, null, 1
42000.0, 0.8, 1
42250.0, null, 1
42500.0, 0.8, 1
42750.0, null, 1
43000.0, 0.8, 1
43250.0, null, 1
43500.0, 0.75, 1
43750.0, null, 1
44000.0, 0.8, 1
44250.0, null, 1
44500.0, 0.85, 1
44750.0, null, 1
45000.0, 0.8, 1
45250.0, null, 1
45500.0, 0.75, 1
45750.0, null, 1
46000.0, 0.8, 1
46250.0, null, 1
46500.0, 0.8, 1
46750.0, null, 1
47000.0, 0.8, 1
47250.0, null, 1
47500.0, 0.85, 1
47750.0, null, 1
48000.0, 0.8, 1
48250.0, null, 1
48500.0, 0.8, 1
48750.0, null, 1
49000.0, 0.8, 1
49250.0, null, 1
49500.0, 0.8, 1
49750.0, null, 1
=================
FOLD 2.0
step, validation accuracy, training accuracy
0.0, 0.1, 0.221238716814
250.0, null, 0.327433300885
500.0, 0.3, 0.353981946903
750.0, null, 0.34513239823
1000.0, 0.2, 0.327433300885
1250.0, null, 0.469026079646
1500.0, 0.2, 0.353981946903
1750.0, null, 0.362831495575
2000.0, 0.4, 0.495574725664
2250.0, null, 0.415928787611
2500.0, 0.3, 0.424778336283
2750.0, null, 0.513273823009
3000.0, 0.45, 0.592919761062
3250.0, null, 0.575220663717
3500.0, 0.4, 0.584070212389
3750.0, null, 0.610618858407
4000.0, 0.65, 0.628317955752
4250.0, null, 0.61946840708
4500.0, 0.7, 0.769912
4750.0, null, 0.752212902655
5000.0, 0.5, 0.646018318584
5250.0, null, 0.73451380531
5500.0, 0.45, 0.637168769912
5750.0, null, 0.769912
6000.0, 0.55, 0.769912
6250.0, null, 0.716814707965
6500.0, 0.75, 0.840708389381
6750.0, null, 0.831858840708
7000.0, 0.65, 0.876106584071
7250.0, null, 0.902655230088
7500.0, 0.55, 0.787611097345
7750.0, null, 0.938053424779
8000.0, 0.75, 0.920354327434
8250.0, null, 0.955752522124
8500.0, 0.75, 0.938053424779
8750.0, null, 0.938053424779
9000.0, 0.8, 0.955752522124
9250.0, null, 0.929203876106
9500.0, 0.8, 0.929203876106
9750.0, null, 0.973451619469
10000.0, 0.75, 0.964602070796
10250.0, null, 0.973451619469
10500.0, 0.8, 0.982301168142
10750.0, null, 1
11000.0, 0.9, 0.982301168142
11250.0, null, 1
11500.0, 0.8, 0.991150716814
11750.0, null, 0.991150716814
12000.0, 0.85, 0.982301168142
12250.0, null, 0.982301168142
12500.0, 0.85, 0.973451619469
12750.0, null, 0.982301168142
13000.0, 0.95, 1
13250.0, null, 0.991150716814
13500.0, 0.95, 0.991150716814
13750.0, null, 0.991150716814
14000.0, 0.9, 1
=================
FOLD 1.0
step, validation accuracy, training accuracy
0.0, 0.25, 0.194690070796
250.0, null, 0.221238716814
500.0, 0.15, 0.292035106195
750.0, null, 0.38053059292
1000.0, 0.1, 0.451326982301
1250.0, null, 0.442477433628
1500.0, 0.05, 0.30973420354
1750.0, null, 0.513273823009
2000.0, 0.05, 0.34513239823
2250.0, null, 0.398229690265
2500.0, 0.2, 0.504424274336
2750.0, null, 0.504424274336
3000.0, 0.4, 0.557521566372
3250.0, null, 0.566371115044
3500.0, 0.3, 0.628317955752
3750.0, null, 0.681416513274
4000.0, 0.4, 0.663717415929
4250.0, null, 0.73451380531
4500.0, 0.35, 0.761062451327
4750.0, null, 0.761062451327
5000.0, 0.35, 0.761062451327
5250.0, null, 0.769912
5500.0, 0.4, 0.849557938053
5750.0, null, 0.840708389381
6000.0, 0.55, 0.876106584071
6250.0, null, 0.858407486726
6500.0, 0.45, 0.893805681416
6750.0, null, 0.876106584071
7000.0, 0.5, 0.929203876106
7250.0, null, 0.902655230088
7500.0, 0.45, 0.876106584071
7750.0, null, 0.955752522124
8000.0, 0.45, 0.973451619469
8250.0, null, 0.973451619469
8500.0, 0.65, 0.982301168142
8750.0, null, 0.938053424779
9000.0, 0.6, 0.973451619469
9250.0, null, 0.991150716814
9500.0, 0.65, 0.991150716814
9750.0, null, 0.955752522124
10000.0, 0.55, 0.991150716814
10250.0, null, 0.982301168142
10500.0, 0.55, 0.991150716814
10750.0, null, 1
11000.0, 0.75, 1
11250.0, null, 0.991150716814
11500.0, 0.55, 0.991150716814
11750.0, null, 1
12000.0, 0.8, 1
12250.0, null, 0.991150716814
12500.0, 0.65, 0.991150716814
12750.0, null, 1
13000.0, 0.8, 1
13250.0, null, 0.991150716814
13500.0, 0.85, 0.991150716814
13750.0, null, 1
14000.0, 0.85, 1
14250.0, null, 0.991150716814
14500.0, 0.7, 1
14750.0, null, 1
15000.0, 0.8, 1
15250.0, null, 1
15500.0, 0.65, 1
15750.0, null, 0.991150716814
16000.0, 0.75, 1
16250.0, null, 1
16500.0, 0.85, 1
16750.0, null, 1
17000.0, 0.8, 1
17250.0, null, 1
17500.0, 0.8, 1
17750.0, null, 1
18000.0, 0.85, 1
18250.0, null, 1
18500.0, 0.8, 1
18750.0, null, 1
19000.0, 0.8, 1
19250.0, null, 1
19500.0, 0.8, 1
19750.0, null, 1
20000.0, 0.85, 1
20250.0, null, 1
20500.0, 0.75, 1
20750.0, null, 1
21000.0, 0.7, 1
21250.0, null, 1
21500.0, 0.65, 1
21750.0, null, 1
22000.0, 0.8, 1
22250.0, null, 1
22500.0, 0.85, 1
22750.0, null, 1
23000.0, 0.85, 1
23250.0, null, 1
23500.0, 0.85, 1
23750.0, null, 1
24000.0, 0.8, 1
24250.0, null, 1
24500.0, 0.85, 1
24750.0, null, 1
25000.0, 0.85, 1
25250.0, null, 1
25500.0, 0.85, 1
25750.0, null, 1
26000.0, 0.8, 1
26250.0, null, 1
26500.0, 0.85, 1
26750.0, null, 1
27000.0, 0.85, 1
27250.0, null, 1
27500.0, 0.85, 1
27750.0, null, 1
28000.0, 0.9, 1
28250.0, null, 1
28500.0, 0.85, 1
=================
FOLD 3.0
step, validation accuracy, training accuracy
0.0, 0.2, 0.230088265487
250.0, null, 0.203539619469
500.0, 0.35, 0.336282849558
750.0, null, 0.30973420354
1000.0, 0.3, 0.362831495575
1250.0, null, 0.424778336283
1500.0, 0.35, 0.34513239823
1750.0, null, 0.575220663717
2000.0, 0.35, 0.601769309735
2250.0, null, 0.504424274336
2500.0, 0.35, 0.530972920354
2750.0, null, 0.592919761062
3000.0, 0.35, 0.513273823009
3250.0, null, 0.592919761062
3500.0, 0.35, 0.610618858407
3750.0, null, 0.61946840708
4000.0, 0.25, 0.699115610619
4250.0, null, 0.796460646018
4500.0, 0.35, 0.743363353982
4750.0, null, 0.761062451327
5000.0, 0.4, 0.725664256637
5250.0, null, 0.716814707965
5500.0, 0.5, 0.752212902655
5750.0, null, 0.814159743363
6000.0, 0.4, 0.876106584071
6250.0, null, 0.814159743363
6500.0, 0.5, 0.884956132743
6750.0, null, 0.867257035398
7000.0, 0.55, 0.840708389381
7250.0, null, 0.858407486726
7500.0, 0.45, 0.831858840708
7750.0, null, 0.884956132743
8000.0, 0.65, 0.946902973451
8250.0, null, 0.938053424779
8500.0, 0.6, 0.920354327434
8750.0, null, 0.946902973451
9000.0, 0.7, 0.955752522124
9250.0, null, 0.973451619469
9500.0, 0.65, 0.964602070796
9750.0, null, 0.991150716814
10000.0, 0.65, 0.982301168142
10250.0, null, 0.982301168142
10500.0, 0.7, 0.973451619469
10750.0, null, 0.991150716814
11000.0, 0.75, 1
11250.0, null, 0.991150716814
11500.0, 0.7, 1
11750.0, null, 0.991150716814
12000.0, 0.75, 1
12250.0, null, 1
12500.0, 0.8, 1
12750.0, null, 1
13000.0, 0.75, 1
13250.0, null, 1
13500.0, 0.75, 1
13750.0, null, 1
14000.0, 0.8, 1
14250.0, null, 1
14500.0, 0.75, 1
14750.0, null, 1
15000.0, 0.9, 1
15250.0, null, 1
15500.0, 0.85, 1
15750.0, null, 1
16000.0, 0.8, 1
16250.0, null, 1
16500.0, 0.75, 1
16750.0, null, 1
17000.0, 0.85, 1
17250.0, null, 1
17500.0, 0.8, 1
17750.0, null, 1
18000.0, 0.85, 1
18250.0, null, 1
18500.0, 0.75, 1
18750.0, null, 1
19000.0, 0.8, 1
19250.0, null, 1
19500.0, 0.8, 1
19750.0, null, 1
20000.0, 0.8, 1
20250.0, null, 1
20500.0, 0.8, 1
20750.0, null, 1
21000.0, 0.85, 1
21250.0, null, 1
21500.0, 0.85, 1
21750.0, null, 1
22000.0, 0.85, 1
22250.0, null, 1
22500.0, 0.8, 1
22750.0, null, 1
23000.0, 0.85, 1
23250.0, null, 1
23500.0, 0.9, 1
23750.0, null, 1
24000.0, 0.9, 1
24250.0, null, 1
24500.0, 0.9, 1
24750.0, null, 1
25000.0, 0.85, 1
